@4400
00 00 00 00 00 00 00 00 00 2F 00 00 00 00 07 00
07 00 00 14 7F 14 7F 14 00 24 2A 7F 2A 12 00 62
64 08 13 23 00 36 49 55 22 50 00 00 05 03 00 00
00 00 1C 22 41 00 00 00 41 22 1C 00 00 14 08 3E
08 14 00 08 08 3E 08 08 00 00 00 A0 60 00 00 08
08 08 08 08 00 00 60 60 00 00 00 20 10 08 04 02
00 3E 51 49 45 3E 00 00 42 7F 40 00 00 42 61 51
49 46 00 21 41 45 4B 31 00 18 14 12 7F 10 00 27
45 45 45 39 00 3C 4A 49 49 30 00 01 71 09 05 03
00 36 49 49 49 36 00 06 49 49 29 1E 00 00 36 36
00 00 00 00 56 36 00 00 00 08 14 22 41 00 00 14
14 14 14 14 00 00 41 22 14 08 00 02 01 51 09 06
00 32 49 59 51 3E 00 7C 12 11 12 7C 00 7F 49 49
49 36 00 3E 41 41 41 22 00 7F 41 41 22 1C 00 7F
49 49 49 41 00 7F 09 09 09 01 00 3E 41 49 49 7A
00 7F 08 08 08 7F 00 00 41 7F 41 00 00 20 40 41
3F 01 00 7F 08 14 22 41 00 7F 40 40 40 40 00 7F
02 0C 02 7F 00 7F 04 08 10 7F 00 3E 41 41 41 3E
00 7F 09 09 09 06 00 3E 41 51 21 5E 00 7F 09 19
29 46 00 46 49 49 49 31 00 01 01 7F 01 01 00 3F
40 40 40 3F 00 1F 20 40 20 1F 00 3F 40 38 40 3F
00 63 14 08 14 63 00 07 08 70 08 07 00 61 51 49
45 43 00 00 7F 41 41 00 00 55 2A 55 2A 55 00 00
41 41 7F 00 00 04 02 01 02 04 00 40 40 40 40 40
00 00 01 02 04 00 00 20 54 54 54 78 00 7F 48 44
44 38 00 38 44 44 44 20 00 38 44 44 48 7F 00 38
54 54 54 18 00 08 7E 09 01 02 00 18 A4 A4 A4 7C
00 7F 08 04 04 78 00 00 44 7D 40 00 00 40 80 84
7D 00 00 7F 10 28 44 00 00 00 41 7F 40 00 00 7C
04 18 04 78 00 7C 08 04 04 78 00 38 44 44 44 38
00 FC 24 24 24 18 00 18 24 24 18 FC 00 7C 08 04
04 08 00 48 54 54 54 20 00 04 3F 44 40 20 00 3C
40 40 20 7C 00 1C 20 40 20 1C 00 3C 40 30 40 3C
00 44 28 10 28 44 00 1C A0 A0 A0 7C 00 44 64 54
4C 44 14 14 14 14 14 14 00 00 00 00 00 00 00 00
00 00 00 00 00 00 00 00 00 00 00 F8 00 00 00 00
00 00 00 33 30 00 00 00 00 10 0C 06 10 0C 06 00
00 00 00 00 00 00 00 00 40 C0 78 40 C0 78 40 00
04 3F 04 04 3F 04 04 00 00 70 88 FC 08 30 00 00
00 18 20 FF 21 1E 00 00 F0 08 F0 00 E0 18 00 00
00 21 1C 03 1E 21 1E 00 00 F0 08 88 70 00 00 00
1E 21 23 24 19 27 21 10 10 16 0E 00 00 00 00 00
00 00 00 00 00 00 00 00 00 00 00 E0 18 04 02 00
00 00 00 07 18 20 40 00 00 02 04 18 E0 00 00 00
00 40 20 18 07 00 00 00 40 40 80 F0 80 40 40 00
02 02 01 0F 01 02 02 00 00 00 00 F0 00 00 00 00
01 01 01 1F 01 01 01 00 00 00 00 00 00 00 00 00
80 B0 70 00 00 00 00 00 00 00 00 00 00 00 00 00
00 01 01 01 01 01 01 01 00 00 00 00 00 00 00 00
00 30 30 00 00 00 00 00 00 00 00 00 80 60 18 04
00 60 18 06 01 00 00 00 00 E0 10 08 08 10 E0 00
00 0F 10 20 20 10 0F 00 00 10 10 F8 00 00 00 00
00 20 20 3F 20 20 00 00 00 70 08 08 08 88 70 00
00 30 28 24 22 21 30 00 00 30 08 88 88 48 30 00
00 18 20 20 20 11 0E 00 00 00 C0 20 10 F8 00 00
00 07 04 24 24 3F 24 00 00 F8 08 88 88 08 08 00
00 19 21 20 20 11 0E 00 00 E0 10 88 88 18 00 00
00 0F 11 20 20 11 0E 00 00 38 08 08 C8 38 08 00
00 00 00 3F 00 00 00 00 00 70 88 08 08 88 70 00
00 1C 22 21 21 22 1C 00 00 E0 10 08 08 10 E0 00
00 00 31 22 22 11 0F 00 00 00 00 C0 C0 00 00 00
00 00 00 30 30 00 00 00 00 00 00 80 00 00 00 00
00 00 80 60 00 00 00 00 00 00 80 40 20 10 08 00
00 01 02 04 08 10 20 00 40 40 40 40 40 40 40 00
04 04 04 04 04 04 04 00 00 08 10 20 40 80 00 00
00 20 10 08 04 02 01 00 00 70 48 08 08 08 F0 00
00 00 00 30 36 01 00 00 C0 30 C8 28 E8 10 E0 00
07 18 27 24 23 14 0B 00 00 00 C0 38 E0 00 00 00
20 3C 23 02 02 27 38 20 08 F8 88 88 88 70 00 00
20 3F 20 20 20 11 0E 00 C0 30 08 08 08 08 38 00
07 18 20 20 20 10 08 00 08 F8 08 08 08 10 E0 00
20 3F 20 20 20 10 0F 00 08 F8 88 88 E8 08 10 00
20 3F 20 20 23 20 18 00 08 F8 88 88 E8 08 10 00
20 3F 20 00 03 00 00 00 C0 30 08 08 08 38 00 00
07 18 20 20 22 1E 02 00 08 F8 08 00 00 08 F8 08
20 3F 21 01 01 21 3F 20 00 08 08 F8 08 08 00 00
00 20 20 3F 20 20 00 00 00 00 08 08 F8 08 08 00
C0 80 80 80 7F 00 00 00 08 F8 88 C0 28 18 08 00
20 3F 20 01 26 38 20 00 08 F8 08 00 00 00 00 00
20 3F 20 20 20 20 30 00 08 F8 F8 00 F8 F8 08 00
20 3F 00 3F 00 3F 20 00 08 F8 30 C0 00 08 F8 08
20 3F 20 00 07 18 3F 00 E0 10 08 08 08 10 E0 00
0F 10 20 20 20 10 0F 00 08 F8 08 08 08 08 F0 00
20 3F 21 01 01 01 00 00 E0 10 08 08 08 10 E0 00
0F 18 24 24 38 50 4F 00 08 F8 88 88 88 88 70 00
20 3F 20 00 03 0C 30 20 00 70 88 08 08 08 38 00
00 38 20 21 21 22 1C 00 18 08 08 F8 08 08 18 00
00 00 20 3F 20 00 00 00 08 F8 08 00 00 08 F8 08
00 1F 20 20 20 20 1F 00 08 78 88 00 00 C8 38 08
00 00 07 38 0E 01 00 00 F8 08 00 F8 00 08 F8 00
03 3C 07 00 07 3C 03 00 08 18 68 80 80 68 18 08
20 30 2C 03 03 2C 30 20 08 38 C8 00 C8 38 08 00
00 00 20 3F 20 00 00 00 10 08 08 08 C8 38 08 00
20 38 26 21 20 20 18 00 00 00 00 FE 02 02 02 00
00 00 00 7F 40 40 40 00 00 0C 30 C0 00 00 00 00
00 00 00 01 06 38 C0 00 00 02 02 02 FE 00 00 00
00 40 40 40 7F 00 00 00 00 00 04 02 02 02 04 00
00 00 00 00 00 00 00 00 00 00 00 00 00 00 00 00
80 80 80 80 80 80 80 80 00 02 02 04 00 00 00 00
00 00 00 00 00 00 00 00 00 00 80 80 80 80 00 00
00 19 24 22 22 22 3F 20 08 F8 00 80 80 00 00 00
00 3F 11 20 20 11 0E 00 00 00 00 80 80 80 00 00
00 0E 11 20 20 20 11 00 00 00 00 80 80 88 F8 00
00 0E 11 20 20 10 3F 20 00 00 80 80 80 80 00 00
00 1F 22 22 22 22 13 00 00 80 80 F0 88 88 88 18
00 20 20 3F 20 20 00 00 00 00 80 80 80 80 80 00
00 6B 94 94 94 93 60 00 08 F8 00 80 80 80 00 00
20 3F 21 00 00 20 3F 20 00 80 98 98 00 00 00 00
00 20 20 3F 20 20 00 00 00 00 00 80 98 98 00 00
00 C0 80 80 80 7F 00 00 08 F8 00 00 80 80 80 00
20 3F 24 02 2D 30 20 00 00 08 08 F8 00 00 00 00
00 20 20 3F 20 20 00 00 80 80 80 80 80 80 80 00
20 3F 20 00 3F 20 00 3F 80 80 00 80 80 80 00 00
20 3F 21 00 00 20 3F 20 00 00 80 80 80 80 00 00
00 1F 20 20 20 20 1F 00 80 80 00 80 80 00 00 00
80 FF A1 20 20 11 0E 00 00 00 00 80 80 80 80 00
00 0E 11 20 20 A0 FF 80 80 80 80 00 80 80 80 00
20 20 3F 21 20 00 01 00 00 00 80 80 80 80 80 00
00 33 24 24 24 24 19 00 00 80 80 E0 80 80 00 00
00 00 00 1F 20 20 00 00 80 80 00 00 00 80 80 00
00 1F 20 20 20 10 3F 20 80 80 80 00 00 80 80 80
00 01 0E 30 08 06 01 00 80 80 00 80 00 80 80 80
0F 30 0C 03 0C 30 0F 00 00 80 80 00 80 80 80 00
00 20 31 2E 0E 31 20 00 80 80 80 00 00 80 80 80
80 81 8E 70 18 06 01 00 00 80 80 80 80 80 80 00
00 21 30 2C 22 21 30 00 00 00 00 00 80 7C 02 02
00 00 00 00 00 3F 40 40 00 00 00 00 FF 00 00 00
00 00 00 00 FF 00 00 00 00 02 02 7C 80 00 00 00
00 40 40 3F 00 00 00 00 00 06 01 01 02 02 04 04
00 00 00 00 00 00 00 00 78 00 78 00 09 00 4C 69
73 74 3A 00 4D 6F 64 65 6C 3A 00 54 69 6D 65 3A
00 41 6E 67 6C 65 00 01 01 
@4C3A
31 40 00 44 3C 40 22 24 3D 40 05 00 B0 13 38 54
3C 40 00 24 3D 40 18 4C 3E 40 21 00 B0 13 9C 54
B0 13 4C 50 B0 13 94 54 B0 13 48 54 7C 40 AE 00
B0 13 CC 53 7C 40 20 00 B0 13 62 54 7C 40 B0 00
B0 13 CC 53 7C 40 C8 00 B0 13 CC 53 4C 43 B0 13
62 54 7C 40 40 00 B0 13 CC 53 7C 40 81 00 B0 13
CC 53 7C 40 7F 00 B0 13 CC 53 7C 40 A1 00 B0 13
CC 53 7C 40 A6 00 B0 13 CC 53 7C 40 A8 00 B0 13
CC 53 7C 40 3F 00 B0 13 CC 53 7C 40 A4 00 B0 13
CC 53 7C 40 D3 00 B0 13 CC 53 4C 43 B0 13 CC 53
7C 40 D5 00 B0 13 CC 53 7C 40 F0 00 B0 13 CC 53
7C 40 D9 00 B0 13 CC 53 7C 40 22 00 B0 13 CC 53
7C 40 DA 00 B0 13 CC 53 7C 40 12 00 B0 13 CC 53
7C 40 DB 00 B0 13 CC 53 7C 40 20 00 B0 13 CC 53
7C 40 8D 00 B0 13 CC 53 B0 13 6E 54 B0 13 0C 54
7C 40 14 00 B0 13 20 54 B0 13 6E 54 B0 13 0C 54
7C 40 AF 00 B0 13 20 54 B0 13 62 51 7C 40 B0 00
B0 13 62 54 5C 43 80 00 CC 53 7B 15 1F 15 49 4C
45 4D 44 43 4A 43 58 41 18 00 48 93 5F 24 46 48
36 53 5B 41 1A 00 1E 43 0F 43 47 48 47 8A 77 53
0C 24 0E 5E 0F 6F 0C 4E 0D 4F 0E 5E 0F 6F 0E 5E
0F 6F 0E 5C 0F 6D 77 53 F4 23 2C 41 1D 41 02 00
B0 13 72 53 4E 4C 02 12 32 C2 03 43 82 4C D0 04
82 4D D2 04 B2 40 CD CC E0 04 B2 40 CC CC E2 04
1C 42 E4 04 1D 42 E6 04 1C 42 E8 04 1D 42 EA 04
03 43 32 41 5D 03 0C 10 5D 01 0C 10 5D 01 0C 10
4F 4C 48 18 4F 5C 4E 8F 44 93 09 20 0A 96 07 34
4E 93 04 20 4F 4B 7E 40 20 00 04 3C 54 43 4F 4B
7E 50 30 00 4D 45 47 4B 57 03 4C 49 02 12 32 C2
03 43 C2 47 C0 04 C2 4A C8 04 5C 52 CA 04 03 43
32 41 B0 13 CE 4F 5A 53 4A 98 A5 2B A1 00 04 00
74 17 10 01 3F 40 3C 00 B0 13 7A 4E 82 4F 58 03
F2 D2 23 02 D2 C3 23 02 82 4F 5A 03 F2 D0 80 00
22 02 E2 C2 63 02 10 01 1F 42 00 24 3F 50 28 00
B0 13 7A 4E 82 4F 58 03 F2 C2 23 02 D2 D3 23 02
82 4F 5A 03 F2 C0 80 00 22 02 E2 D2 63 02 10 01
82 4F 54 03 F2 C2 03 02 D2 D3 03 02 82 4F 56 03
E2 C3 22 02 F2 D0 40 00 03 02 10 01 1F 42 00 24
3F 50 28 00 82 4F 54 03 F2 D2 03 02 D2 C3 03 02
82 4F 56 03 E2 D3 22 02 F2 C0 40 00 03 02 BE 3F
03 43 3B 15 79 40 0C 00 4F 49 3E 40 06 24 4D 43
B0 13 8E 54 7A 40 32 00 7B 40 03 00 78 40 10 00
48 12 4B 12 1E 42 00 24 0F 43 4D 43 B0 13 88 54
4F 49 3E 40 0C 24 6D 43 B0 13 8E 54 48 12 4B 12
1E 42 02 24 0F 43 6D 43 B0 13 88 54 4F 49 3E 40
13 24 6D 42 B0 13 8E 54 48 12 4B 12 1E 42 04 24
0F 43 6D 42 B0 13 88 54 4F 49 3E 40 19 24 7D 40
06 00 B0 13 8E 54 48 12 4B 12 5E 42 26 24 0F 43
7D 40 06 00 B0 13 88 54 E1 08 38 17 10 01 F2 D0
40 00 05 02 F2 D0 40 00 07 02 F2 D2 05 02 F2 D2
07 02 E2 D3 24 02 E2 D3 26 02 F2 D0 80 00 24 02
F2 D0 80 00 26 02 F2 D2 25 02 F2 D2 27 02 D2 D3
25 02 D2 D3 27 02 D2 D3 05 02 D2 D3 07 02 E2 D2
65 02 E2 D2 67 02 F2 D0 10 00 45 02 F2 D0 10 00
47 02 F2 C2 24 02 F2 C2 26 02 E2 C3 45 02 E2 C3
47 02 F2 C0 10 00 05 02 F2 C0 10 00 07 02 F2 C0
20 00 05 02 F2 C0 20 00 07 02 E2 C2 25 02 E2 C2
27 02 10 01 3B 15 4B 4C 48 4D 7E 50 E0 00 7C 90
80 00 02 28 4B 43 68 53 4A 4E 7F 90 10 00 4D 48
4C 4B 1F 20 B0 13 A2 53 5A 0E 0F 4A 3F 50 28 46
0D 4F 3D 52 B0 13 16 54 0F 9D FC 23 58 53 4D 48
4C 4B B0 13 A2 53 3A 50 30 46 0F 4A 3F 52 B0 13
6E 54 B0 13 56 54 7C 4A B0 13 20 54 0A 9F 0F 24
F6 3F B0 13 A2 53 0F 4A 44 18 0F 5A 3F 50 00 44
0B 4F 3B 50 06 00 B0 13 16 54 0F 9B FC 23 38 17
10 01 B2 40 80 5A 5C 01 B0 13 42 52 B0 13 CC 52
B0 13 62 4C B0 13 48 4F B0 13 08 51 07 3C B0 13
80 54 D2 93 1F 24 02 20 B0 13 F8 51 B0 13 BC 4E
B0 13 AE 51 C2 4C 25 24 4C 93 F3 27 5C 83 07 24
5C 83 08 24 5C 83 09 24 5C 83 E9 27 EA 3F B0 13
88 52 E7 3F B0 13 42 53 E4 3F B0 13 78 54 E1 3F
03 43 D2 D3 43 02 F2 D0 20 00 43 02 F2 C0 20 00
43 02 D2 C3 43 02 10 01 D2 C3 43 02 F2 C0 20 00
43 02 D2 D3 43 02 F2 D0 20 00 43 02 10 01 7E 42
4C 93 04 34 F2 D0 20 00 43 02 03 3C F2 C0 20 00
43 02 D2 D3 43 02 D2 C3 43 02 4C 5C 7E 53 F0 23
F2 D0 20 00 43 02 D2 D3 43 02 DB 3F 03 43 E2 D2
04 02 E2 D2 0A 02 F2 D2 04 02 F2 D2 0A 02 F2 D0
10 00 04 02 F2 D0 10 00 0A 02 F2 D0 20 00 04 02
F2 D0 20 00 0A 02 B2 40 14 02 40 03 3F 40 E0 00
82 4F 44 03 82 4F 46 03 82 4F 48 03 82 4F 4A 03
B2 40 F4 01 52 03 82 43 54 03 82 43 56 03 82 43
58 03 82 43 5A 03 10 01 0A 12 4F 43 7D 40 78 00
B0 13 06 54 4C 4F 7C 50 B0 00 B0 13 02 54 5C 43
B0 13 02 54 7C 40 10 00 B0 13 20 54 7A 40 80 00
B0 13 AC 50 4C 4D B0 13 D8 50 7C 40 40 00 B0 13
0C 54 B0 13 C2 50 7A 53 F3 23 5F 53 7F 92 E0 2B
3A 41 10 01 F2 B0 40 00 00 02 07 20 5C 43 82 93
22 24 18 20 92 43 22 24 10 01 E2 B2 41 02 02 20
6C 43 F5 3F F2 B2 41 02 03 20 7C 40 03 00 EF 3F
F2 B0 40 00 41 02 02 20 6C 42 E9 3F 4C 43 82 43
22 24 10 01 92 93 22 24 FA 23 4C 43 10 01 B0 13
2E 4E F2 B0 20 00 01 02 03 24 F2 B2 20 02 04 20
B0 13 52 4E B0 13 28 54 F2 B0 10 00 01 02 03 24
E2 B3 41 02 04 20 B0 13 96 4E B0 13 28 54 E2 B2
21 02 09 20 B0 13 52 4E 3F 40 3E 0D 3E 40 03 00
3F 53 3E 63 FD 2F 10 01 F2 D0 0C 00 4A 02 B2 C0
00 01 6C 01 1F 42 68 01 3F F0 FF F8 3F D0 00 01
82 4F 68 01 B2 D0 20 00 66 01 05 3C B2 F0 F4 FF
6E 01 A2 C3 02 01 A2 B3 02 01 F8 23 1F 42 68 01
3F F0 88 FF 3F D0 55 00 82 4F 68 01 10 01 5E 42
20 24 5E 93 0E 20 1F 42 02 24 3F 50 0A 00 3F 90
F5 01 03 2C 82 4F 02 24 10 01 B2 40 F4 01 02 24
10 01 7E 90 03 00 02 24 6E 92 05 20 D2 42 04 24
24 24 92 53 04 24 7E 90 05 00 02 20 D2 53 26 24
10 01 F2 C0 40 00 04 02 F2 D0 BF 00 06 02 F2 D0
40 00 02 02 E2 C2 45 02 F2 D0 FB 00 47 02 E2 D2
43 02 F2 C2 45 02 F2 D0 F7 00 47 02 F2 D2 43 02
F2 C0 40 00 45 02 F2 D0 BF 00 47 02 F2 D0 40 00
43 02 10 01 5B 15 4A 4C 4B 4D 08 4E 46 4F 49 43
0C 3C 4F 46 4D 4B 4C 4A B0 13 CE 4F 7A 52 7A 90
81 00 02 28 4A 43 6B 53 59 53 0F 48 0F 59 6E 4F
4E 93 EF 23 56 17 10 01 5E 42 20 24 5E 93 04 20
B2 50 F6 FF 02 24 10 01 7E 90 03 00 02 24 6E 92
05 20 D2 42 04 24 24 24 B2 53 04 24 7E 90 05 00
02 20 F2 53 26 24 10 01 2B 15 0A 43 0B 43 39 40
20 00 0C 5C 0D 6D 0A 6A 0B 6B 0A 8E 0B 7F 04 28
1C D3 39 53 F6 23 04 3C 0A 5E 0B 6F 39 53 F1 23
0E 4A 0F 4B 29 17 10 01 0A 12 4A 4C 4C 4D 7C 50
B0 00 B0 13 CC 53 4C 4A 5C 0F 7C D0 10 00 B0 13
CC 53 7A F0 0F 00 5A D3 4C 4A B0 13 CC 53 3A 41
10 01 B0 13 E0 53 4C 43 B0 13 D8 50 4C 4F B0 13
D8 50 80 00 C2 50 4F 4C B0 13 6E 54 80 00 D8 50
0A 12 0A 4C 03 3C FA 4D 00 00 1A 53 0F 4E 3E 53
0F 93 F9 23 3A 41 10 01 B0 13 20 54 B0 13 AC 50
4C 4D B0 13 D8 50 4C 43 80 00 D8 50 B0 13 6E 54
B0 13 56 54 7C 4F B0 13 D8 50 80 00 C2 50 3F 40
9E 86 03 43 1E 43 3F 53 3E 63 FD 2F 10 01 0D 5C
03 3C CC 43 00 00 1C 53 0C 9D FB 23 10 01 F2 D0
21 00 45 02 F2 D0 21 00 47 02 10 01 B0 13 D8 50
7C 40 40 00 80 00 D8 50 B0 13 CC 53 7C 40 10 00
80 00 CC 53 B0 13 AC 50 7C 40 78 00 10 01 92 42
02 24 00 24 10 01 B2 40 14 00 02 24 10 01 4C 4A
80 00 54 4D 4C 43 80 00 0E 53 80 00 98 54 80 00
A0 54 80 00 EA 53 FF 3F 03 43 
@FFFE
3A 4C 
q
